0,241,3.003999403074168
0,726,3.696335835113783
0,1542,3.0956498132671513
0,780,3.402366542746937
0,1848,3.003999403074168
0,599,3.9769768016850864
0,779,3.921957671957672
0,897,2.8931451612903225
0,152,3.659982364110994
0,1581,3.409565344147823
0,522,3.1891908909323123
0,219,3.003999403074168
0,1172,1.9813705584804975
0,291,4.0
0,1174,3.0514042776568395
0,278,2.9677137740635726
0,816,3.0348423742451085
0,893,3.273527671629306
0,829,3.0348423742451085
0,1309,3.003999403074168
0,560,3.645145872464978
0,833,3.003999403074168
0,93,3.570807236710843
0,1279,2.8290031412170675
0,122,3.659982364110994
0,1026,3.003999403074168
0,355,3.5386762360446573
0,425,2.8736263736263736
0,1572,3.409565344147823
0,209,3.425153374233129
1,593,2.254887903653768
1,932,4.0
1,84,3.003999403074168
1,452,3.003999403074168
1,1248,3.4986607142857142
1,1072,3.003999403074168
1,220,3.003999403074168
1,1256,3.003999403074168
1,256,3.0671065885688704
1,600,2.2010240377704458
1,274,2.859451977863829
1,26,2.0590988870716824
1,1547,3.4875
1,714,3.1918128366141674
1,212,3.003999403074168
1,159,3.003999403074168
1,737,3.003999403074168
1,278,3.270584409628023
1,748,2.1030982978026147
1,336,3.003999403074168
1,345,3.3359996020494456
1,676,2.7397750962376954
1,392,2.780862754783156
1,764,3.003999403074168
1,435,3.2350646985555693
1,1953,4.0
1,1626,3.003999403074168
2,1223,2.5125076850536026
2,1222,3.003999403074168
2,1193,3.003999403074168
2,455,3.003999403074168
2,248,3.1320601176667435
2,2027,3.003999403074168
2,398,3.003999403074168
2,395,3.003999403074168
2,260,3.003999403074168
2,284,4.0
2,459,3.003999403074168
2,2031,3.003999403074168
2,243,3.003999403074168
2,1874,3.003999403074168
2,270,3.003999403074168
2,1876,3.003999403074168
2,491,3.003999403074168
2,287,3.003999403074168
2,1879,3.003999403074168
2,477,3.003999403074168
2,339,3.003999403074168
2,872,3.003999403074168
2,522,4.0
3,850,3.003999403074168
3,1121,3.1154919051262735
3,1267,2.3958333333333335
3,653,4.0
3,1230,3.602659626396893
3,1173,3.003999403074168
3,968,3.003999403074168
3,1064,3.3033333333333332
3,683,3.003999403074168
3,240,3.003999403074168
3,1724,3.003999403074168
3,897,2.9026440007089738
3,287,3.003999403074168
3,951,3.003999403074168
3,1078,3.003999403074168
3,477,3.279000945945286
3,280,3.003999403074168
3,517,3.003999403074168
3,1601,3.8262853839113027
3,239,3.0172079430203858
3,981,3.003999403074168
3,212,3.003999403074168
3,303,3.7937231428997618
3,882,3.4715242881072026
3,163,4.0
3,1560,3.003999403074168
3,8,3.0147460159261437
3,52,3.003999403074168
3,998,3.003999403074168
3,434,3.003999403074168
3,1003,3.003999403074168
3,1310,3.003999403074168
3,687,3.263624180292272
3,474,3.003999403074168
3,1061,3.264
3,430,3.5625843423923733
3,435,3.046162824845936
3,330,3.931235979358162
3,847,3.2709832761020543
3,76,4.0
3,483,3.5625843423923733
3,1319,3.003999403074168
3,694,3.4477414597788423
3,1234,3.1061106366739075
3,1326,3.003999403074168
3,630,3.003999403074168
3,90,3.0589707673591198
3,1049,3.003999403074168
4,1143,3.003999403074168
4,585,3.003999403074168
4,490,3.003999403074168
4,433,3.003999403074168
4,19,3.003999403074168
4,1844,3.31041536647944
4,518,3.4179354246419043
4,868,3.003999403074168
4,1011,3.003999403074168
4,617,3.003999403074168
4,714,3.003999403074168
4,103,3.003999403074168
4,159,3.003999403074168
4,883,3.003999403074168
4,1557,3.003999403074168
4,252,3.0039994030741686
4,890,3.003999403074168
4,551,3.003999403074168
4,676,3.003999403074168
4,66,3.003999403074168
4,597,3.003999403074168
4,1054,3.392350551733257
4,777,3.003999403074168
4,847,3.003999403074168
4,1131,3.003999403074168
4,638,3.003999403074168
4,691,3.003999403074168
4,1138,3.003999403074168
4,806,3.003999403074168
4,614,3.003999403074168
5,738,3.003999403074168
5,452,3.003999403074168
5,1857,3.003999403074168
5,804,3.003999403074168
5,233,3.003999403074168
5,558,3.003999403074168
5,1029,3.003999403074168
5,451,3.003999403074168
5,1568,3.003999403074168
5,468,3.003999403074168
5,569,3.003999403074168
5,1525,3.003999403074168
5,218,3.040499552305626
5,529,3.003999403074168
5,216,3.003999403074168
5,1199,3.003999403074168
5,706,3.003999403074168
5,484,3.003999403074168
5,589,3.003999403074168
5,212,3.003999403074168
5,926,3.5513225297322824
5,1295,3.003999403074168
5,1010,3.003999403074168
5,796,3.003999403074168
6,1242,3.003999403074168
6,361,3.003999403074168
6,1121,3.003999403074168
6,1694,3.003999403074168
6,1432,3.003999403074168
6,5,3.0039994030741686
6,1039,2.766156462585034
6,1227,3.2567198959053765
6,220,3.003999403074168
6,1518,3.003999403074168
6,240,3.4204545454545454
6,1524,3.003999403074168
6,343,4.0
6,299,3.003999403074168
6,211,3.004969651828796
6,214,2.9964089745502966
6,265,3.003999403074168
6,1546,3.003999403074168
6,1375,3.003999403074168
6,1109,4.0
6,47,1.979414719422296
6,830,3.0769873733340187
6,141,3.433804605293126
6,1410,4.0
6,1533,3.003999403074168
6,647,3.5084867075664623
6,1214,3.003999403074168
6,644,3.5084867075664623
6,483,2.8342629975917273
6,648,3.5084867075664623
6,788,2.5456498123825337
6,1368,3.003999403074168
6,1425,4.0
6,1426,3.003999403074168
7,1179,3.003999403074168
7,604,3.003999403074168
7,1292,3.003999403074168
7,365,2.9905797101449276
7,608,2.4707804013208943
7,446,4.0
7,1338,4.0
7,591,3.003999403074168
7,294,3.1176420097820046
7,1363,3.003999403074168
7,550,3.003999403074168
7,915,3.003999403074168
7,977,3.003999403074168
7,1367,4.0
7,1167,3.003999403074168
7,1231,3.003999403074168
8,73,3.003999403074168
8,1034,3.003999403074168
8,1342,3.003999403074168
8,713,3.003999403074168
8,717,3.003999403074168
8,705,3.003999403074168
8,2,3.003999403074168
8,905,3.003999403074168
8,1445,3.003999403074168
8,1534,3.003999403074168
8,1743,3.003999403074168
8,438,3.003999403074168
8,1530,3.003999403074168
8,1990,3.003999403074168
8,1541,3.003999403074168
8,1641,3.003999403074168
8,1757,3.003999403074168
8,728,3.003999403074168
8,254,3.003999403074168
8,1762,3.003999403074168
8,159,3.003999403074168
8,543,3.003999403074168
8,43,3.0062539235489707
8,1686,3.003999403074168
8,1590,3.003999403074168
8,1397,3.1063003069310033
8,657,3.216951983001826
8,1082,3.003999403074168
8,845,2.7139292557161396
8,181,3.1646776787855475
8,741,3.003999403074168
8,1117,3.003999403074168
8,2015,3.003999403074168
8,750,3.003999403074168
8,1204,3.003999403074168
8,268,3.003999403074168
8,1049,2.9611795208578733
9,383,3.003999403074168
9,1081,3.539653674471894
9,257,3.0227918671671086
9,1102,3.003999403074168
9,441,3.003999403074168
9,91,3.003999403074168
9,1103,3.1851364624985052
9,1187,3.003999403074168
9,2,3.016394155624848
9,439,3.003999403074168
9,216,3.003999403074168
9,15,3.501999701537084
9,781,3.003999403074168
9,205,3.0039994030741686
9,269,3.003999403074168
9,1182,3.003999403074168
9,305,3.003999403074168
9,760,4.0
9,442,3.003999403074168
9,320,4.0
9,11,3.003999403074168
